name: new
channels:
- conda-forge
- bioninja
- defaults
dependencies:
- ca-certificates=2017.7.27.1=0
- certifi=2017.7.27.1=py36_0
- jpeg=9b=vc14_1
- libwebp=0.5.2=vc14_7
- opencv=3.3.0=py36_200
- openssl=1.0.2l=vc14_0
- pip=9.0.1=py36_0
- python=3.6.3=0
- setuptools=36.6.0=py36_1
- vc=14=0
- vs2015_runtime=14.0.25420=0
- wheel=0.30.0=py_1
- wincertstore=0.2=py36_0
- asn1crypto=0.22.0=py36h8e79faa_1
- backports=1.0=py36h81696a8_1
- backports.weakref=1.0rc1=py36_0
- bleach=1.5.0=py36_0
- cffi=1.10.0=py36hae3d1b5_1
- chardet=3.0.4=py36h420ce6e_1
- cryptography=2.0.3=py36h123decb_1
- cycler=0.10.0=py36h009560c_0
- freetype=2.8=vc14h17c9bdf_0
- h5py=2.7.0=py36hfbe0a52_1
- hdf5=1.10.1=vc14hb361328_0
- html5lib=0.9999999=py36_0
- icc_rt=2017.0.4=h97af966_0
- icu=58.2=ha66f8fd_1
- idna=2.6=py36h148d497_1
- intel-openmp=2018.0.0=hcd89f80_7
- keras=2.0.8=py36h65e7a35_0
- libpng=1.6.32=vc14h5163883_3
- libprotobuf=3.2.0=vc14_0
- libtiff=4.0.8=vc14h04e2a1e_10
- markdown=2.6.9=py36_0
- matplotlib=2.1.0=py36h11b4b9c_0
- mkl=2018.0.0=h36b65af_4
- numpy=1.13.3=py36ha320f96_0
- olefile=0.44=py36h0a7bdd2_0
- pillow=4.2.1=py36hdb25ab2_0
- protobuf=3.2.0=py36_0
- pycparser=2.18=py36hd053e01_1
- pyopenssl=17.2.0=py36h15ca2fc_0
- pyparsing=2.2.0=py36h785a196_1
- pyqt=5.6.0=py36hb5ed885_5
- pysocks=1.6.7=py36h698d350_1
- python-dateutil=2.6.1=py36h509ddcb_1
- pytz=2017.2=py36h05d413f_1
- pyyaml=3.12=py36h1d1928f_1
- qt=5.6.2=vc14h6f8c307_12
- requests=2.18.4=py36h4371aae_1
- scipy=0.19.1=py36h7565378_3
- sip=4.18.1=py36h9c25514_2
- six=1.11.0=py36h4db2310_1
- sqlite=3.20.1=h9eeafa9_2
- tensorflow=1.2.1=py36_0
- tornado=4.5.2=py36h57f6048_0
- urllib3=1.22=py36h276f60a_0
- werkzeug=0.12.2=py36h866a736_0
- win_inet_pton=1.0.1=py36he67d7fd_1
- yaml=0.1.7=vc14hb31d195_1
- zlib=1.2.11=vc14h1cdd9ab_1
- pip:
  - altgraph==0.15
  - future==0.16.0
  - macholib==1.9
  - pefile==2017.11.5
  - pyinstaller==3.3
  - pypiwin32==220
  - win-inet-pton==1.0.1
prefix: C:\Users\zosiarytlewska\Anaconda3\envs\new

