name: zmirlacz
channels:
- anaconda
- conda-forge
- defaults
dependencies:
- bzip2=1.0.6=vc14_3
- freetype=2.5.5=vc14_2
- libprotobuf=3.4.1=h3dba5dd_0
- matplotlib=2.0.2=np113py36_0
- olefile=0.44=py36h0a7bdd2_0
- pillow=4.2.1=py36_0
- protobuf=3.4.1=py36h07fa351_0
- tk=8.5.18=vc14_0
- backports=1.0=py36_1
- backports.functools_lru_cache=1.4=py36_1
- backports.weakref=1.0rc1=py36_1
- bleach=1.5.0=py36_0
- h5py=2.7.1=py36_1
- hdf5=1.8.18=vc14_2
- html5lib=0.9999999=py36_0
- icu=58.1=vc14_1
- jpeg=9b=vc14_2
- keras=2.0.6=py36_0
- libgpuarray=0.7.4=vc14_0
- libpng=1.6.28=vc14_2
- libtiff=4.0.7=vc14_1
- libwebp=0.5.2=vc14_7
- mako=1.0.7=py36_0
- markdown=2.6.9=py36_0
- markupsafe=1.0=py36_0
- mock=2.0.0=py36_0
- opencv=3.3.0=py36_202
- openssl=1.0.2l=vc14_0
- pbr=3.1.1=py36_0
- pygpu=0.7.4=py36_0
- pyyaml=3.12=py36_1
- qt=5.6.2=vc14_1
- sqlite=3.19.3=vc14_1
- tensorflow=1.3.0=py36_0
- theano=0.9.0=py36_1
- webencodings=0.5=py36_0
- werkzeug=0.12.2=py_1
- yaml=0.1.6=vc14_0
- zlib=1.2.11=vc14_0
- ca-certificates=2017.08.26=h94faf87_0
- certifi=2017.7.27.1=py36h043bc9e_0
- cycler=0.10.0=py36h009560c_0
- icc_rt=2017.0.4=h97af966_0
- intel-openmp=2018.0.0=hcd89f80_7
- mkl=2018.0.0=h36b65af_4
- numpy=1.13.3=py36ha320f96_0
- pip=9.0.1=py36h226ae91_4
- pyparsing=2.2.0=py36h785a196_1
- pyqt=5.6.0=py36hb5ed885_5
- python=3.6.3=h210ce5f_2
- python-dateutil=2.6.1=py36h509ddcb_1
- pytz=2017.2=py36h05d413f_1
- scipy=0.19.1=py36h7565378_3
- setuptools=36.5.0=py36h65f9e6e_0
- sip=4.18.1=py36h9c25514_2
- six=1.11.0=py36h4db2310_1
- tornado=4.5.2=py36h57f6048_0
- vc=14=h2379b0c_2
- vs2015_runtime=14.0.25123=hd4c4e62_2
- wheel=0.29.0=py36h6ce6cde_1
- wincertstore=0.2=py36h7fe50ca_0
- pip:
  - backports.functools-lru-cache==1.4

